10
20 20
A 3 B 7 C 2 D 8 E 25 F 9
S 0 1 1 1 0 0 0 0 1 0 0 0 0 0 0 0 0 0 0
0 1 1 0 0 0 0 1 0 0 0 0 0 0 0 0 0 0 0 0
0 0 0 0 0 0 0 1 0 1 1 0 0 0 1 0 0 0 0 0
0 1 0 0 0 0 0 0 0 1 0 0 0 1 0 0 0 1 0 0
0 0 0 1 0 0 0 0 0 1 0 0 0 0 0 0 0 0 0 0
0 0 0 0 0 0 0 0 0 1 1 0 0 0 0 1 0 0 1 1
1 0 0 0 1 1 1 0 0 1 0 0 0 1 0 0 0 0 0 1
0 0 0 0 0 0 0 1 0 1 0 0 1 0 0 0 0 0 0 0
0 0 0 1 0 0 0 0 0 1 1 0 0 0 0 1 0 0 0 0
0 0 0 1 1 0 0 1 0 1 0 0 0 0 0 0 0 0 0 0
0 0 0 0 0 1 0 0 0 1 0 0 0 0 0 0 1 1 0 1
0 0 1 0 1 0 0 0 1 0 1 0 1 0 0 0 0 0 0 0
1 0 1 1 1 1 1 1 0 1 1 1 0 0 1 1 1 1 1 0
0 0 0 1 1 1 0 1 0 1 1 1 1 1 1 1 1 1 1 0
0 0 0 0 0 0 1 0 0 1 0 0 0 0 0 0 0 1 0 0
1 0 0 1 0 0 0 0 1 1 0 0 0 1 0 0 0 0 0 0
1 0 0 0 1 0 1 1 0 1 1 0 0 0 1 0 0 1 0 1
0 0 0 0 1 0 1 0 1 0 0 0 1 0 0 1 1 0 1 0
0 0 1 0 0 0 0 0 1 1 0 0 0 0 0 0 0 0 0 1
0 X 0 0 0 1 0 0 1 0 0 0 0 0 0 1 0 0 1 0
20 20
A 5 B 11 C 3 D 10 E 9 F 17
S 0 0 0 0 0 0 0 0 0 0 1 0 0 1 0 0 0 0 1
0 0 0 0 0 0 1 0 0 1 0 0 1 0 1 0 0 0 1 1
1 1 0 0 0 0 0 0 0 0 1 0 0 0 1 0 1 0 1 0
1 0 0 0 0 0 0 0 0 0 0 1 0 0 1 0 0 1 1 0
0 0 0 0 0 0 1 0 0 0 0 0 1 0 1 1 0 0 1 0
0 0 0 0 0 0 1 0 0 0 0 0 1 0 1 0 0 0 1 0
0 1 0 0 0 0 0 0 0 0 0 0 0 0 1 1 0 0 1 0
1 0 0 0 0 1 0 0 0 0 0 0 0 0 1 1 0 0 1 1
0 0 0 0 1 0 0 0 0 0 0 0 0 0 0 1 1 0 1 0
0 0 0 0 0 0 0 0 0 0 0 0 0 0 1 0 0 0 0 0
0 0 0 0 1 0 0 0 0 1 0 0 0 0 1 0 1 0 1 0
0 0 1 0 0 0 0 0 1 1 0 0 0 0 1 0 0 0 1 0
0 0 0 0 0 0 0 0 0 0 0 0 1 0 1 0 1 0 1 0
0 0 0 0 1 0 0 0 0 0 0 0 0 0 0 0 0 1 1 1
1 0 0 0 0 1 0 1 0 0 0 0 1 0 0 0 1 0 1 0
0 0 0 0 0 0 0 1 0 0 1 0 0 0 1 0 0 X 1 0
0 0 0 0 0 0 1 0 0 0 1 1 0 0 1 0 0 1 1 0
1 0 0 0 0 0 1 0 0 0 1 0 0 0 1 0 0 0 1 0
0 0 0 0 0 0 1 0 0 0 0 1 1 0 1 0 1 0 1 0
1 0 0 0 0 0 0 0 0 0 0 0 0 0 0 0 1 1 0 0
20 20
A 2 B 12 C 0 D 14 E 19 F 9
S 1 0 0 0 0 0 0 0 1 0 1 0 1 0 0 0 0 0 1
0 1 1 1 1 1 1 1 1 1 1 1 1 1 1 0 1 1 0 0
0 0 0 0 0 1 0 0 0 1 0 0 0 0 0 0 0 0 0 0
1 0 0 0 0 0 0 0 1 1 1 0 0 0 0 0 1 0 0 0
1 0 0 0 0 0 0 0 0 1 0 0 0 0 0 1 0 0 1 0
0 0 0 0 0 0 0 0 0 1 0 0 1 1 0 0 0 0 0 0
0 0 0 0 0 0 0 0 0 1 0 1 1 1 0 0 1 0 0 0
0 0 0 0 0 1 0 0 1 1 1 0 0 0 1 1 0 0 0 0
0 0 0 0 0 0 0 0 0 1 0 0 0 0 0 0 0 0 0 0
0 1 0 0 0 0 0 0 0 1 0 0 0 1 0 1 0 0 0 1
0 0 0 0 0 0 1 0 1 1 0 0 0 0 1 1 1 0 0 1
0 0 0 0 0 1 0 1 1 1 0 0 0 0 0 1 0 1 0 0
0 0 0 0 0 0 0 0 0 0 1 0 0 0 0 0 1 0 0 0
1 1 1 0 0 0 1 1 0 1 1 1 1 1 1 1 1 1 1 0
0 0 0 0 0 0 0 0 0 0 1 1 1 0 0 0 0 0 0 0
0 0 0 0 1 X 1 0 0 0 0 0 0 0 0 1 0 0 0 0
0 0 0 0 0 0 1 0 0 1 0 1 1 0 1 0 0 0 0 1
1 0 0 0 1 0 0 0 0 1 0 1 0 1 0 1 0 0 0 0
0 0 0 0 0 0 0 0 0 1 0 0 0 1 1 0 0 0 0 0
0 1 0 0 0 0 0 1 0 0 0 0 1 0 0 0 0 1 0 0
20 20
A 9 B 4 C 2 D 2 E 9 F 28
S 0 0 0 0 0 0 0 0 0 0 0 0 0 0 0 0 0 0 0
0 1 1 0 0 0 1 0 0 1 0 1 1 1 1 0 0 0 0 X
0 0 0 1 1 0 0 0 0 0 0 1 0 0 1 0 0 0 0 0
0 0 0 1 0 0 0 0 1 0 1 1 0 0 0 0 0 0 0 0
0 0 0 0 0 1 1 1 0 0 0 0 0 0 1 0 0 0 0 0
0 0 0 0 0 0 0 0 0 1 0 1 0 0 0 0 0 0 0 0
0 1 0 1 0 0 0 0 0 0 0 1 1 0 0 0 0 0 0 0
1 0 0 0 0 0 0 1 0 0 0 1 0 0 0 0 1 0 0 0
0 0 0 0 0 0 0 0 0 0 1 1 0 0 0 0 0 0 1 0
0 0 0 0 0 1 0 0 0 0 0 1 0 0 0 0 0 0 1 1
0 0 1 0 0 1 1 0 0 0 1 1 0 1 1 1 1 0 1 0
0 0 0 0 0 0 0 0 0 0 0 1 0 0 1 0 0 0 0 0
0 0 0 1 0 0 0 0 0 1 0 1 1 0 1 0 1 1 0 0
0 0 0 0 0 0 0 0 0 0 0 1 0 0 1 0 1 0 0 0
0 1 0 1 0 1 0 0 0 0 0 1 0 1 0 0 0 0 0 0
0 0 1 0 0 0 0 0 0 0 1 0 0 1 0 0 0 0 0 0
0 0 1 0 1 0 0 0 0 0 0 1 0 0 0 0 0 1 0 1
0 0 0 1 0 0 0 0 0 0 0 1 0 0 1 0 0 0 0 1
0 0 0 0 1 0 0 1 1 0 0 1 0 0 0 0 0 1 0 0
0 1 1 0 0 0 0 0 0 0 0 0 0 0 0 0 0 0 0 0
20 20
A 2 B 5 C 8 D 7 E 26 F 9
S 1 0 0 0 0 0 0 0 0 0 0 1 0 0 0 0 0 0 0
0 0 1 0 0 0 1 0 0 0 0 0 1 0 0 0 0 0 0 0
0 0 0 0 0 0 0 0 0 1 0 0 0 0 0 0 0 1 0 1
0 0 1 0 0 0 0 0 0 0 0 0 1 1 0 0 0 0 0 0
0 0 1 1 0 0 0 0 0 1 0 0 1 0 1 0 0 0 0 0
0 0 0 1 0 1 0 0 0 0 0 0 0 1 0 0 0 0 0 0
0 0 0 1 0 1 0 0 1 0 0 0 0 0 0 0 0 0 0 1
0 1 0 0 1 0 0 0 0 0 0 0 0 0 0 0 0 0 0 0
0 0 1 0 0 0 0 0 1 0 0 1 0 1 1 0 0 0 0 0
0 0 0 0 1 0 0 0 1 0 0 0 0 0 1 0 0 1 0 1
0 0 0 0 0 0 0 0 0 1 1 0 0 0 0 0 0 0 1 1
0 0 0 0 1 1 0 0 0 0 0 1 0 0 1 0 0 0 0 0
0 1 0 0 0 0 0 0 0 0 0 0 0 1 0 0 1 1 0 0
0 0 1 0 0 1 0 0 0 0 0 0 0 0 0 0 0 0 0 0
0 1 0 0 0 0 0 0 0 0 0 1 0 1 0 0 0 0 1 0
0 0 1 0 0 0 0 0 1 0 0 1 0 0 0 0 1 0 0 0
0 0 0 1 0 0 0 0 0 0 1 0 0 0 0 0 1 0 1 0
0 0 0 0 0 1 0 0 0 0 0 1 0 0 1 1 1 0 0 0
0 0 0 0 0 0 0 0 0 0 0 0 0 0 0 0 0 0 0 0
0 X 0 0 0 1 0 0 0 0 1 0 0 0 1 0 0 0 0 0
20 20
A 2 B 8 C 6 D 5 E 17 F 3
S 0 0 0 0 0 0 1 0 0 0 0 0 0 0 0 0 1 0 0
0 0 0 0 0 0 0 1 0 0 0 0 0 0 1 0 0 0 0 0
0 0 0 0 0 0 0 0 1 0 1 1 1 0 0 0 0 0 0 0
0 0 0 0 1 1 0 0 0 1 1 0 0 1 0 1 1 0 1 0
0 0 1 0 1 0 0 0 0 0 0 0 0 0 0 1 0 1 0 0
0 0 0 1 0 0 0 1 0 0 0 0 0 1 0 0 1 0 0 0
0 0 0 0 0 1 0 1 0 0 0 0 0 1 0 0 0 0 0 0
0 0 1 0 1 0 1 0 0 0 0 0 0 0 1 1 0 0 0 0
0 0 0 1 1 0 0 0 0 1 0 0 0 0 0 1 0 0 0 0
0 0 0 0 0 0 0 0 1 1 0 0 0 0 0 0 0 0 1 0
0 0 0 0 1 1 0 0 1 0 0 0 0 0 0 1 0 0 0 0
0 0 0 0 0 1 0 0 1 0 1 0 0 0 0 0 0 0 0 0
0 0 0 1 0 0 0 1 0 0 0 0 0 0 0 0 0 0 0 0
1 0 0 0 1 0 0 1 0 0 1 0 0 0 0 0 0 0 0 0
1 0 0 0 1 0 1 0 0 0 0 0 0 0 0 0 0 0 0 0
0 0 0 0 0 1 1 0 1 0 0 0 0 0 0 1 0 0 0 0
1 0 0 1 0 0 1 0 0 0 0 1 1 0 0 0 0 0 0 0
0 0 0 0 0 0 0 0 1 0 0 0 1 0 1 1 0 0 0 0
0 0 0 0 0 0 0 0 0 0 1 0 0 1 1 0 0 0 0 0
0 X 0 0 0 0 0 0 0 0 0 0 0 0 0 0 0 0 0 0
20 20
A 10 B 10 C 7 D 1 E 20 F 0
S 1 0 0 1 0 0 0 0 0 0 0 0 0 0 1 0 1 0 0
0 0 0 0 0 1 0 0 0 0 0 0 0 0 0 1 0 0 0 1
0 0 0 0 0 0 1 0 0 0 0 1 0 0 1 0 0 0 0 0
0 1 1 0 1 1 1 1 0 0 1 1 0 0 0 0 0 0 1 0
0 1 0 0 0 1 0 0 0 0 0 0 1 0 0 0 0 0 0 0
0 0 0 0 0 0 0 0 1 0 0 0 0 0 0 0 0 0 0 0
0 1 0 0 0 1 0 1 0 0 0 0 0 1 0 0 1 0 0 0
0 0 0 0 0 1 0 0 1 1 1 0 0 0 0 0 0 1 1 0
0 1 1 0 0 1 0 0 1 0 0 0 1 0 0 0 0 0 0 0
0 0 0 0 0 1 0 0 1 0 0 1 0 0 1 0 0 1 0 1
0 0 0 0 1 1 0 0 0 0 0 0 0 0 0 0 1 0 0 0
0 1 0 0 0 1 0 0 0 0 0 1 1 0 0 0 1 0 1 0
0 0 0 0 0 1 0 0 0 0 0 0 1 0 0 0 1 0 0 1
0 0 0 0 0 1 1 0 0 0 0 1 0 0 0 1 0 0 0 1
0 0 0 1 0 1 0 0 0 0 0 1 0 0 0 0 0 0 0 1
0 1 0 0 0 1 1 0 0 0 0 0 0 0 0 0 0 0 0 1
0 0 0 0 0 1 0 0 1 0 1 0 0 0 1 1 1 1 0 0
0 0 0 0 0 1 0 0 1 0 0 0 0 0 0 0 0 0 0 0
0 0 1 0 0 1 0 0 0 0 0 0 0 0 0 0 0 0 1 0
0 X 0 0 0 0 0 1 0 0 0 0 0 0 0 0 0 0 0 0
20 20
A 7 B 9 C 5 D 8 E 7 F 23
S 0 0 0 0 0 0 0 0 0 0 0 0 0 0 0 0 0 0 0
0 0 0 1 0 0 0 0 1 0 0 1 0 0 0 0 0 0 0 X
0 1 1 0 0 0 0 0 1 1 0 0 0 0 0 0 0 1 0 0
1 0 0 1 0 1 1 0 1 0 0 0 0 0 0 0 0 1 1 0
0 0 0 0 0 0 0 0 1 1 0 0 0 0 1 0 0 1 0 1
0 0 0 0 0 0 0 0 1 0 0 1 0 0 0 0 0 0 0 0
0 0 0 0 0 1 0 0 1 0 0 0 0 0 0 0 1 0 0 0
0 0 1 0 0 0 0 0 1 1 0 0 0 0 0 0 0 0 0 0
0 0 0 0 0 0 0 0 1 0 0 0 1 0 1 0 0 0 0 0
0 0 0 0 0 0 0 0 1 0 1 0 0 0 0 1 0 0 1 0
0 0 0 0 0 1 0 0 1 0 0 1 0 0 0 0 0 0 0 0
0 0 0 0 0 1 0 0 1 0 0 0 0 1 0 1 0 0 0 0
0 0 0 0 0 0 0 0 0 0 0 1 0 0 1 0 0 0 0 1
0 0 0 0 0 0 1 0 1 0 0 0 0 0 0 1 0 1 0 0
0 0 0 1 0 0 0 0 0 1 0 0 0 1 0 0 0 0 0 0
0 0 1 0 0 0 0 1 1 1 0 0 1 0 0 1 1 0 0 0
1 1 1 0 0 0 0 0 0 0 0 0 0 0 0 1 0 1 0 0
0 0 0 0 0 0 0 0 0 1 0 1 0 0 0 0 0 0 1 0
1 0 0 0 0 0 0 1 1 1 0 0 0 0 0 0 0 0 1 1
0 1 0 0 0 0 0 1 0 0 0 0 1 0 0 0 0 1 1 0
20 20
A 7 B 15 C 2 D 14 E 17 F 13
S 0 1 0 0 0 0 1 0 0 1 0 0 0 0 0 0 0 1 0
0 0 1 0 0 0 0 1 0 1 0 0 0 0 1 0 0 0 0 0
0 0 1 0 0 0 0 1 0 0 0 0 1 0 0 0 0 0 0 0
0 1 1 1 1 0 1 1 1 1 1 1 0 1 1 1 1 0 1 1
0 0 0 0 1 0 0 1 1 1 0 0 0 1 0 0 0 0 0 0
0 0 0 1 0 1 0 1 0 0 0 0 0 0 1 0 0 0 0 0
0 0 1 0 0 0 0 1 0 0 1 0 1 0 0 0 0 1 0 0
0 0 1 0 0 0 0 1 0 0 0 0 0 0 0 0 0 0 0 0
0 0 1 0 0 1 0 0 0 0 0 0 0 0 0 0 0 0 0 0
0 0 0 0 0 1 0 1 0 0 1 0 0 0 0 0 0 0 1 0
1 0 0 1 1 1 1 1 1 1 1 1 1 1 1 1 1 0 1 0
0 0 0 0 0 0 1 1 1 0 0 0 0 0 1 1 0 0 1 1
0 0 0 0 0 0 1 1 0 0 0 0 0 0 0 0 0 0 0 1
1 1 1 0 0 0 0 1 0 0 0 0 0 0 0 0 0 1 0 0
0 0 1 0 0 0 0 1 0 1 1 1 0 0 0 0 0 0 0 0
0 0 1 0 0 0 0 0 0 0 0 0 0 1 0 0 0 0 0 1
1 1 1 0 1 0 0 0 0 1 1 1 1 1 1 1 1 1 1 0
0 0 1 0 1 0 0 1 0 0 0 1 0 0 1 0 0 0 0 1
0 0 1 0 0 0 0 1 0 0 0 1 0 0 0 1 1 0 0 0
0 0 0 0 1 0 0 0 1 1 0 X 0 0 0 0 0 1 0 0
20 20
A 10 B 11 C 9 D 1 E 19 F 1
S 1 0 0 1 1 0 0 0 0 0 0 0 0 0 0 1 0 1 0
0 1 0 0 0 0 0 0 0 0 0 0 0 1 0 0 0 1 0 0
0 1 1 1 0 0 0 1 1 0 0 0 0 0 1 0 1 1 0 0
0 1 0 0 0 0 0 0 0 0 0 1 0 0 1 0 0 1 0 0
0 1 0 0 0 0 0 0 0 1 1 0 1 0 0 0 1 1 0 1
0 0 0 0 0 0 0 0 1 0 0 0 0 0 1 1 0 1 0 1
0 1 0 0 0 0 1 0 0 0 0 0 0 1 0 1 0 0 0 0
0 0 1 0 0 0 0 0 0 0 1 0 1 1 0 0 0 0 0 1
0 1 0 0 1 1 0 0 0 0 0 0 0 0 0 1 0 1 1 0
0 0 0 0 0 0 0 0 0 1 0 1 0 0 1 0 0 0 0 0
0 1 0 1 0 0 1 1 0 0 0 0 0 0 0 1 0 1 0 1
0 1 0 0 0 0 1 0 1 0 0 1 0 0 0 0 0 1 0 0
0 1 1 0 1 0 0 0 0 0 0 0 1 1 0 0 0 1 0 0
0 1 0 0 0 0 0 0 0 0 0 0 0 0 0 0 0 1 0 0
0 1 0 0 0 0 0 0 0 1 0 1 1 1 0 0 0 1 0 1
0 1 1 1 0 0 0 0 0 0 1 0 0 0 0 0 1 1 0 1
0 0 0 0 0 0 1 0 0 0 0 0 0 0 0 1 1 0 0 0
0 0 0 1 0 0 0 0 1 0 0 0 0 0 0 1 0 1 0 0
0 0 0 0 0 0 0 0 0 0 0 1 0 0 0 0 0 0 0 0
0 X 0 0 0 0 0 0 0 0 0 0 0 0 0 0 0 0 0 0
