20
1 5 9 10 24
4 6 4 1 2 1 4 5 7
1 1 4 7 5 1 6 4 2 3
1 5 6 9 18
8 9 1 6 4 5
6 8 4 1 2 5 1 5 1
1 5 6 10 13
6 4 1 6 7 1
2 6 1 7 1 1 2 2 1 2
1 5 7 8 37
6 6 2 9 1 3 9
3 6 3 9 1 3 9 2
1 5 8 9 18
1 5 6 4 3 4 7 6
7 4 1 3 5 1 6 5 4
1 5 8 10 15
4 3 5 2 5 4 9 6
9 2 3 5 3 2 3 4 4 3
1 5 8 9 27
9 3 6 5 5 8 3 5
1 6 9 5 3 5 2 5 8
1 5 8 10 19
7 2 3 7 9 1 6 2
9 7 1 6 1 2 5 2 1 3
1 5 9 10 40
4 4 4 8 5 7 1 3 7
1 5 4 7 7 3 8 4 1 3
1 5 8 9 14
8 7 4 6 9 1 2 4
6 1 4 3 4 9 4 2 8
1 5 8 10 14
9 8 3 3 1 2 3 3
1 1 2 9 8 1 2 3 3 2
1 5 7 8 16
2 8 4 9 6 9 2
1 5 9 8 2 9 4 2
1 5 8 9 24
8 2 9 1 1 9 9 4
9 2 4 9 5 1 3 9 1
1 5 8 9 56
9 9 7 7 3 7 9 5
5 4 7 9 9 3 9 7 3
1 5 7 8 12
6 3 2 8 3 9 7
2 6 9 2 7 3 8 1
1 5 7 9 12
7 5 5 5 2 5 4
1 5 5 2 1 5 7 3 4
1 5 9 10 40
6 6 2 7 4 9 3 5 4
2 7 3 6 4 6 1 4 4 9
1 5 6 10 34
9 8 4 8 3 1
3 1 1 1 3 8 3 7 2 4
1 5 8 9 21
3 6 3 6 8 9 8 6
9 3 6 2 8 6 1 8 6
1 5 8 10 50
9 8 7 3 8 5 7 3
3 2 9 8 3 7 5 3 3 7
